23 45 2 435 68 33 4 3520 39 88 56 84 2 355 
23 2 45 68 33 4 435 39 88 56 84 2 355 3520 
2 23 45 33 4 68 39 88 56 84 2 355 435 3520 
2 23 33 4 45 39 68 56 84 2 88 355 435 3520 
2 23 4 33 39 45 56 68 2 84 88 355 435 3520 
2 4 23 33 39 45 56 2 68 84 88 355 435 3520 
2 4 23 33 39 45 2 56 68 84 88 355 435 3520 
2 4 23 33 39 2 45 56 68 84 88 355 435 3520 
2 4 23 33 2 39 45 56 68 84 88 355 435 3520 
2 4 23 2 33 39 45 56 68 84 88 355 435 3520 
2 4 2 23 33 39 45 56 68 84 88 355 435 3520 
2 2 4 23 33 39 45 56 68 84 88 355 435 3520 
2 2 4 23 33 39 45 56 68 84 88 355 435 3520 

Количество строк: 13
Количество чисел: 182
Количество цифр: 377
Самое большое число: 3520